V 54
K 1
D 0 -508000 762000 762000
Y 1
U 1143000 254000 254000 0 2 3 REFDES=Q?
U 1143000 0 254000 0 2 3 DEVICE=ISL9V5036P3-F085
U 1143000 -254000 254000 0 2 0 PKG_TYPE=TO254P470X1016X2019-3P
U 1143000 -508000 254000 0 2 0 Description=Logic Level Gate Drive; Industry Standard TO-220 package; SCIS Energy = 500mJ at TJ = 25; Qualified to AEC Q101; RoHS Compliant
U 1143000 -762000 254000 0 2 0 Datasheet Link=https://www.onsemi.com/pub/Collateral/ISL9V5036S3ST-D.PDF
U 1143000 -1016000 254000 0 2 0 Height=4.7
U 1143000 -1270000 254000 0 2 0 Manufacturer_Name=onsemi
U 1143000 -1524000 254000 0 2 0 Manufacturer_Part_Number=ISL9V5036P3-F085
U 1143000 -1778000 254000 0 2 0 Mouser Part Number=512-ISL9V5036P3-F085
U 1143000 -2032000 254000 0 2 0 Mouser Price/Stock=https://www.mouser.co.uk/ProductDetail/onsemi-Fairchild/ISL9V5036P3-F085?qs=0lQeLiL1qyZrd8MAKfN5lQ%3D%3D
U 1143000 -2286000 254000 0 2 0 Arrow Part Number=ISL9V5036P3-F085
U 1143000 -2540000 254000 0 2 0 Arrow Price/Stock=https://www.arrow.com/en/products/isl9v5036p3-f085/on-semiconductor?utm_currency=USD&region=nac
U 0 0 254000 0 1 0 FORWARD_PCB=1
l 2 762000 -101600 762000 -254000
|GRPHSTL -1 -1 -1 1
l 2 762000 355600 762000 508000
|GRPHSTL -1 -1 -1 1
l 3 254000 0 508000 0 508000 254000
|GRPHSTL -1 -1 -1 1
l 2 584200 -40640 584200 40640
|GRPHSTL -1 -1 -1 1
l 4 863600 177800 812800 76200 914400 76200 863600 177800
|GRPHSTL -1 1 -1 3
l 2 812800 177800 914400 177800
|GRPHSTL -1 -1 -1 1
l 2 584200 0 762000 -101600
|GRPHSTL -1 -1 -1 1
l 4 660400 -76200 685800 -25400 762000 -101600 660400 -76200
|GRPHSTL -1 1 -1 3
l 4 685800 279400 660400 330200 584200 254000 685800 279400
|GRPHSTL -1 1 -1 3
l 2 762000 355600 584200 254000
|GRPHSTL -1 -1 -1 1
l 2 584200 127000 762000 25400
|GRPHSTL -1 -1 -1 1
l 3 863600 177800 863600 406400 762000 406400
|GRPHSTL -1 -1 -1 1
l 3 863600 76200 863600 -152400 762000 -152400
|GRPHSTL -1 -1 -1 1
l 2 584200 86360 584200 167640
|GRPHSTL -1 -1 -1 1
l 2 584200 218440 584200 299720
|GRPHSTL -1 -1 -1 1
l 2 584200 213360 584200 294640
|GRPHSTL -1 -1 -1 1
c 635000 127000 381000
|GRPHSTL -1 -1 -1 3
c 762000 406400 25400
|GRPHSTL -1 -1 -1 4
c 762000 -152400 25400
|GRPHSTL -1 -1 -1 4
P 1 0 0 254000 0 0 2 0
L 0 -50800 228600 0 1 0 3 0 G
A 203200 25400 203200 0 9 3 #=1
A 0 0 9 0 3 0 PINTYPE=BI
P 2 762000 762000 762000 508000 0 0 0
L 812800 762000 228600 0 1 0 3 0 C
A 711200 762000 203200 0 7 3 #=2
A 0 0 9 0 3 0 PINTYPE=BI
P 3 762000 -508000 762000 -254000 0 1 0
L 812800 -508000 228600 0 3 0 3 0 E
A 711200 -508000 203200 0 9 3 #=3
A 0 0 9 0 3 0 PINTYPE=BI
E
